11 11
0.017 0.046 0.100 0.174 0.242 0.271 0.242 0.174 0.100 0.046 0.017 
0.046 0.124 0.271 0.472 0.659 0.736 0.659 0.472 0.271 0.124 0.046 
0.100 0.271 0.590 1.028 1.434 1.603 1.434 1.028 0.590 0.271 0.100 
0.174 0.472 1.028 1.791 2.500 2.793 2.500 1.791 1.028 0.472 0.174 
0.242 0.659 1.434 2.500 3.488 3.898 3.488 2.500 1.434 0.659 0.242 
0.271 0.736 1.603 2.793 3.898 4.356 3.898 2.793 1.603 0.736 0.271 
0.242 0.659 1.434 2.500 3.488 3.898 3.488 2.500 1.434 0.659 0.242 
0.174 0.472 1.028 1.791 2.500 2.793 2.500 1.791 1.028 0.472 0.174 
0.100 0.271 0.590 1.028 1.434 1.603 1.434 1.028 0.590 0.271 0.100 
0.046 0.124 0.271 0.472 0.659 0.736 0.659 0.472 0.271 0.124 0.046 
0.017 0.046 0.100 0.174 0.242 0.271 0.242 0.174 0.100 0.046 0.017 
